21 1 0
21 11 0
22 1 0
22 11 0
23 1 0
23 12 0
24 2 0
24 11 0
25 2 0
25 11 0
26 2 0
26 11 0
27 2 0
27 11 0
28 2 0
28 11 0
29 2 0
29 11 0
30 2 0
30 11 0
31 2 0
31 11 0
32 2 0
32 11 0
33 2 0
33 11 0
34 2 0
34 11 0
35 2 0
35 11 0
36 2 0
36 11 0
37 2 0
37 11 0
38 2 0
38 11 0
39 2 0
39 11 0
40 2 0
40 11 0
41 2 0
41 11 0
42 2 0
42 11 0
43 2 0
43 11 0
44 2 0
44 11 0
45 2 0
45 11 0
46 2 0
46 11 0
47 2 0
47 11 0
48 2 0
48 11 0
49 2 0
49 11 0
50 2 0
50 11 0
51 2 0
51 11 0
52 2 0
52 11 0
53 2 0
53 11 0
54 2 0
54 11 0
55 2 0
55 11 0
56 2 0
56 11 0
57 2 0
57 11 0
58 2 0
58 11 0
59 2 0
59 11 0
60 2 0
60 11 0
61 2 0
61 11 0
62 2 0
62 11 0
63 2 0
63 11 0
64 2 0
64 11 0
65 2 0
65 11 0
66 2 0
66 11 0
67 2 0
67 11 0
68 2 0
68 11 0
69 2 0
69 11 0
70 2 0
70 11 0
71 2 0
71 11 0
72 2 0
72 11 0
73 2 0
73 11 0
74 2 0
74 12 0
75 2 0
75 12 0
76 2 0
76 12 0
77 2 0
77 12 0
78 12 0
78 2 0
79 12 0
79 2 0
80 12 0
80 2 0
81 2 0
81 12 0
82 2 0
82 12 0
83 2 0
83 12 0
84 2 0
84 12 0
85 12 0
85 2 0
86 12 0
86 2 0
87 12 0
87 2 0
88 2 0
88 12 0
89 2 0
89 12 0
90 2 0
90 12 0
91 2 0
91 12 0
92 2 0
92 12 0
93 2 0
93 12 0
94 3 0
94 11 0
95 3 0
95 11 0
96 3 0
96 13 0
97 4 0
97 11 0
98 4 0
98 11 0
99 4 0
99 12 0
100 5 0
100 13 0
101 5 0
101 14 0
